	BRCA1_deletion_VAF%	BRAF_CtoG_VAF%	TP53_CtoT_VAF%	FGFR2_AtoC_VAF%	NRAS_TtoA_VAF%
TL-21-8NDXZMXY_T_CSQ1	0.039816842524387816	0.0	0.038933229511387966	0.0	0.0
TL-21-76F2KNCB_T_CSQ1	0.28869286287089013	0.0	0.12265638689328895	0.0	0.04575611988103409
TL-21-Y6JNT5E9_T_CSQ1	0.4358737287016246	0.0	0.2460183866373171	0.06406970784213224	0.09022013713460844
TL-22-4ZEBBBBQ_T_CSQ1	7.214345287739783	0.0	5.59559135226791	0.0	0.05742176284811944
TL-22-Z24N63NZ_T_CSQ1	32.95143212951432	0.044365572315882874	27.117241379310343	0.026532236667551074	0.0
TL-22-HXTS2TE8_T_CSQ1	47.35173442745244	0.0	42.92314153716926	0.019451468585878234	0.019638648860958365
TL-22-4ZU93YNJ_T_CSQ1	0.01884303749764462	0.0	0.2214170692431562	0.019904458598726114	0.0
TL-22-VNMGQW33_T_CSQ1	0.0	0.0	0.20849128127369218	0.018034265103697024	0.0
TL-22-CB792G9R_T_CSQ1	0.013694878115584772	0.0	0.03003453972067878	0.046591085572293835	0.03878223773511732
TL-22-IZF22MT5_T_CSQ1	0.0	0.0	0.061251990689697416	0.024012486492976347	0.015969338869370808
TL-22-KCPE65I2_T_CSQ1	0.06360311655271109	0.0	0.07978299026647519	0.03454828122300915	0.022941041523285157
TL-22-BG7DFVNW_T_CSQ1	0.4878769958604376	0.017035775127768313	0.259361322742746	0.0	0.0642811227769445
TL-22-WYHF3858_T_CSQ1	2.5787965616045847	0.0	1.6129032258064515	0.04287245444801715	0.0
TL-22-TDNPZF2T_T_CSQ1	2.4637043554773426	0.0	1.8422295701464337	0.0	0.030039050765995796
TL-23-G7DCC66X_T_CSQ1	8.90477110295538	0.0	7.246677740863787	0.062086092715231786	0.052770448548812667
TL-23-263ZB4MS_T_CSQ1	20.912124582869854	0.0	18.742931006624655	0.6709158000670916	0.03773584905660377
TL-23-I4MHR3WM_T_CSQ1	54.675066312997345	0.024204284158296018	49.13508260447036	0.8048289738430584	0.24893314366998578
TL-22-WB5D2ECV_T_DSQ1	88.28125	23.474178403755868	92.24806201550388	0.0	0.0
TL-22-AFGW9GPP_T_DSQ1	68.59649122807018	0.0	74.15384615384616	0.0	0.0
